5.804195804195804165e-01
3.086913086913086746e-01
3.196803196803196800e-01
3.466533466533466279e-01
1.678321678321678390e-01
9.190809190809190454e-02
2.777222777222776995e-01
3.896103896103896291e-01
6.273726273726273339e-01
7.222777222777222450e-01
6.173826173826173491e-01
9.880119880119879738e-01
5.354645354645354294e-01
3.776223776223776030e-01
1.198801198801198870e-01
1.398601398601398600e-02
1.000000000000000021e-03
1.000000000000000021e-03
1.000000000000000021e-03
1.000000000000000021e-03
1.000000000000000021e-03
1.000000000000000021e-03
1.000000000000000021e-03
1.000000000000000021e-03
1.000000000000000021e-03
1.000000000000000021e-03
1.000000000000000021e-03
1.000000000000000021e-03
1.000000000000000021e-03
1.000000000000000021e-03
1.000000000000000021e-03
1.000000000000000021e-03
1.000000000000000021e-03
1.000000000000000021e-03
1.000000000000000021e-03
1.000000000000000021e-03
1.000000000000000021e-03
1.000000000000000021e-03
1.000000000000000021e-03
1.000000000000000021e-03
1.000000000000000021e-03
1.000000000000000021e-03
1.000000000000000021e-03
1.000000000000000021e-03
1.000000000000000021e-03
1.000000000000000021e-03
1.000000000000000021e-03
1.000000000000000021e-03
1.000000000000000021e-03
1.000000000000000021e-03
1.000000000000000021e-03
1.998001998001998000e-03
1.000000000000000021e-03
4.995004995004995001e-03
4.995004995004995001e-03
1.000000000000000021e-03
1.000000000000000021e-03
1.000000000000000021e-03
1.000000000000000021e-03
1.000000000000000021e-03
1.000000000000000021e-03
1.000000000000000021e-03
1.000000000000000021e-03
1.000000000000000021e-03
1.000000000000000021e-03
