7.632367632367632604e-01
7.192807192807192385e-01
7.262737262737263277e-01
7.442557442557442560e-01
6.743256743256743624e-01
6.573426573426572883e-01
6.453546453546453732e-01
7.542457542457542408e-01
6.273726273726273339e-01
6.283716283716284101e-01
6.173826173826173491e-01
7.732267732267732452e-01
7.892107892107892431e-01
4.655344655344655358e-01
2.637362637362637430e-01
2.607392607392607364e-01
1.298701298701298579e-01
7.592407592407592054e-02
3.996003996003996001e-02
1.698301698301698387e-02
8.991008991008991869e-03
5.994005994005994001e-03
1.998001998001998000e-03
2.997002997002997000e-03
1.000000000000000021e-03
1.298701298701298787e-02
1.598401598401598400e-02
1.198801198801198800e-02
3.196803196803196800e-02
3.196803196803196800e-02
1.598401598401598400e-02
3.096903096903096814e-02
2.697302697302697214e-02
1.398601398601398600e-02
2.197802197802197974e-02
2.697302697302697214e-02
2.097902097902097987e-02
4.995004995004995001e-03
1.798201798201798374e-02
2.597402597402597574e-02
5.094905094905095161e-02
1.378621378621378568e-01
1.438561438561438699e-01
1.198801198801198870e-01
2.127872127872127983e-01
3.646353646353646116e-01
5.084915084915084815e-01
4.175824175824175977e-01
4.135864135864135704e-01
3.786213786213786237e-01
4.335664335664335400e-01
3.196803196803196800e-01
3.406593406593406703e-01
2.847152847152847333e-01
3.166833166833166735e-01
2.277722277722277755e-01
1.238761238761238725e-01
7.092907092907092814e-02
5.694305694305694387e-02
5.494505494505494414e-02
8.591408591408591922e-02
1.128871128871128809e-01
9.490509490509491108e-02
7.892107892107892708e-02
4.895104895104895187e-02
