4.885114885114885119e-01
3.976023976023976281e-01
3.776223776223776030e-01
4.465534465534465314e-01
3.146853146853146876e-01
2.297702297702297614e-01
2.417582417582417598e-01
2.617382617382617571e-01
2.837162837162837126e-01
6.283716283716284101e-01
4.695304695304695075e-01
4.695304695304695075e-01
6.173826173826173491e-01
5.014985014985015033e-01
4.115884115884115846e-01
3.446553446553446420e-01
2.557442557442557440e-01
9.590409590409590401e-02
1.698301698301698248e-01
1.368631368631368639e-01
1.278721278721278720e-01
1.108891108891108951e-01
6.993006993006993521e-02
4.995004995004995174e-02
1.198801198801198800e-02
2.397602397602397600e-02
2.197802197802197974e-02
3.396603396603396774e-02
6.793206793206793548e-02
9.990009990009990348e-02
1.838161838161838091e-01
2.457542457542457592e-01
4.285714285714285476e-01
5.584415584415584055e-01
5.034965034965035446e-01
7.052947052947052820e-01
7.182817182817182733e-01
6.173826173826173491e-01
5.164835164835165360e-01
3.856143856143856019e-01
2.917082917082917115e-01
1.858141858141858227e-01
2.937062937062936974e-01
2.107892107892107847e-01
1.778221778221778238e-01
2.577422577422577299e-01
3.206793206793207007e-01
5.184815184815184663e-01
6.713286713286713558e-01
6.733266733266732862e-01
7.212787212787212798e-01
7.792207792207792583e-01
6.363636363636363535e-01
5.204795204795205077e-01
4.145854145854145911e-01
3.366633366633366431e-01
2.477522477522477451e-01
1.958041958041958075e-01
2.617382617382617571e-01
1.928071928071928010e-01
1.658341658341658253e-01
1.478521478521478416e-01
1.418581418581418563e-01
1.078921078921078885e-01
1.178821178821178872e-01
