7.572427572427572473e-01
6.303696303696303405e-01
5.464535464535464904e-01
5.684315684315683903e-01
4.865134865134865261e-01
3.946053946053946215e-01
2.667332667332667495e-01
3.266733266733266583e-01
3.576423576423576334e-01
3.336663336663336921e-01
4.075924075924076129e-01
2.527472527472527375e-01
2.527472527472527375e-01
2.127872127872127983e-01
2.007992007992007999e-01
1.838161838161838091e-01
1.378621378621378568e-01
5.194805194805195148e-02
3.296703296703296787e-02
1.298701298701298787e-02
3.996003996003996001e-03
4.995004995004995001e-03
1.998001998001998000e-03
1.000000000000000021e-03
2.997002997002997000e-03
1.000000000000000021e-03
1.000000000000000021e-03
2.997002997002997000e-03
1.098901098901098987e-02
1.198801198801198800e-02
4.495504495504495240e-02
5.094905094905095161e-02
6.493506493506492894e-02
5.194805194805195148e-02
2.797202797202797200e-02
3.696303696303696040e-02
3.296703296703296787e-02
8.591408591408591922e-02
1.168831168831168804e-01
1.458541458541458558e-01
1.818181818181818232e-01
1.698301698301698248e-01
3.106893106893107159e-01
3.696303696303696040e-01
2.917082917082917115e-01
2.157842157842157771e-01
2.817182817182817267e-01
1.778221778221778238e-01
1.438561438561438699e-01
8.191808191808191975e-02
6.693306693306692867e-02
5.394605394605394427e-02
1.078921078921078885e-01
1.168831168831168804e-01
7.492507492507492761e-02
8.691308691308691214e-02
9.490509490509491108e-02
7.292707292707292788e-02
1.588411588411588471e-01
1.548451548451548476e-01
1.448551448551448628e-01
1.168831168831168804e-01
1.568431568431568335e-01
1.438561438561438699e-01
1.918081918081918080e-01
