2.757242757242757136e-01
2.297702297702297614e-01
2.197802197802197766e-01
6.793206793206793548e-02
7.192807192807193495e-02
1.000000000000000021e-03
1.000000000000000021e-03
1.000000000000000021e-03
1.000000000000000021e-03
1.998001998001998000e-03
1.998001998001998000e-03
1.000000000000000021e-03
2.097902097902097987e-02
5.994005994005994348e-02
1.808191808191808303e-01
3.366633366633366431e-01
2.457542457542457592e-01
1.698301698301698248e-01
3.376623376623376638e-01
1.898101898101898014e-02
1.268731268731268791e-01
1.508491508491508482e-01
1.418581418581418563e-01
8.091908091908091294e-02
5.664335664335664600e-01
3.496503496503496344e-01
3.046953046953047028e-01
1.768231768231768308e-01
1.888111888111888015e-01
1.068931068931068956e-01
2.807192807192807060e-01
6.493506493506492894e-02
7.892107892107892708e-02
1.708291708291708177e-01
1.228771228771228796e-01
1.598401598401598400e-02
8.891108891108891188e-02
2.297702297702297614e-02
9.990009990009990001e-03
8.991008991008991869e-03
1.000000000000000021e-03
1.000000000000000021e-03
1.000000000000000021e-03
1.000000000000000021e-03
1.000000000000000021e-03
1.000000000000000021e-03
1.000000000000000021e-03
1.000000000000000021e-03
1.000000000000000021e-03
4.995004995004995001e-03
4.995004995004995174e-02
3.466533466533466279e-01
7.802197802197802234e-01
9.580419580419580194e-01
6.103896103896103709e-01
8.431568431568431388e-01
9.700299700299700456e-01
9.750249750249749825e-01
9.850149850149849673e-01
9.880119880119879738e-01
9.810189810189809956e-01
9.960039960039960283e-01
9.510489510489510412e-01
4.875124875124874912e-01
1.578421578421578542e-01
